20 2
0 1 0
0 12 0 0 0 1 1 0 1 1 1 1 1 1
1 6 0 0 0 1 0 1
1 6 1 0 1 1 0 1
1 8 1 0 0 0 1 0 0 1
1 6 1 0 0 1 1 1
0 18 0 1 0 0 1 0 0 0 0 1 1 1 0 0 0 0 0 0
1 3 1 0 1
1 13 0 0 0 0 0 1 0 1 1 0 0 0 1
0 1 0
1 22 1 0 1 1 0 1 0 0 1 0 1 0 0 0 1 0 1 1 0 1 0 0
0 18 1 0 1 0 0 0 0 0 0 1 1 1 0 1 0 1 0 0
0 4 1 0 1 0
1 11 0 0 1 0 0 1 1 1 0 1 1
1 26 0 1 1 1 1 1 1 1 0 1 1 0 0 0 0 1 0 0 1 1 1 0 0 1 0 1
0 14 1 0 0 1 0 0 0 1 1 0 0 1 1 0
0 14 0 0 0 0 0 0 1 1 0 1 1 0 1 0
1 27 1 0 1 1 0 1 0 0 1 1 1 0 0 0 0 0 1 1 0 1 0 1 1 1 1 0 1
0 10 0 0 0 0 1 0 0 0 0 0
1 21 0 0 1 0 1 0 0 1 0 1 0 1 1 1 1 1 1 1 1 0 1
